acq: 0.13670886
corn: 0.02985075
crude: 0.28440367
earn: 0.69054054
grain: 0.36363636
interest:0.19314642
money-fx: 0.18581907
trade: 0.0
ship: 0.1512605
wheat: 0.0
