acq:0.11940299 
corn: 0.05211726 
crude: 0.07125891
earn: 0.15909091
grain: 0.06101695
interest: 0.04651163
money-fx:0.04312668
ship: 0.02826855
trade: 0.07878788 
wheat:0.0           
